26 50
0 A
1 B
2 C
3 D
4 E
5 F
6 G
7 H
8 I
9 J
10 K
11 L
12 M
13 N
14 O
15 P
16 Q
17 R
18 S
19 T
20 U
21 V
22 W
23 X
24 Y
25 Z
$
0 50 50
1 100 50
2 150 50
3 200 50
4 250 50
5 300 50
6 50 100
7 100 100
8 150 100
9 200 100
10 250 100
11 300 100
12 50 150
13 100 150
14 150 150
15 200 150
16 250 150
17 300 150
18 50 200
19 100 200
20 150 200
21 200 200
22 250 200
23 300 200
24 175 250
25 325 250
$
0 1 5
1 2 5
2 3 5
3 4 5
4 5 5
0 6 4
1 7 4
2 8 4
3 9 4
4 10 4
5 11 4
6 7 3
7 8 3
8 9 3
9 10 3
10 11 3
6 12 6
7 13 6
8 14 6
9 15 6
10 16 6
11 17 6
12 13 3
13 14 3
14 15 3
15 16 3
16 17 3
12 18 7
13 19 7
14 20 7
15 21 7
16 22 7
17 23 7
18 19 3
19 20 3
20 21 3
21 22 3
22 23 3
20 24 4
23 25 4
24 25 4
13 8 2
19 14 2
7 2 2
18 6 2
15 10 2
$
